5000 3000
4671 2101
807 4668
4087 994
372 2228
1068 4776
4859 3917
2334 4829
4389 1036
1412 4207
3930 253
3561 3991
3349 3823
3001 1689
2254 1284
1360 350
1292 1193
1341 2890
959 1535
2488 1129
3620 2600
4427 2522
1646 1947
4322 1328
4965 3671
4324 1714
2795 1806
4188 3878
1360 749
4632 329
3213 3330
747 1931
4019 757
1610 2084
4846 1535
4648 4410
2396 787
1267 1884
2483 3525
4541 629
3236 3851
703 2307
1864 916
2499 2559
1840 1032
2202 1310
1560 379
4854 3470
4936 4386
3577 2012
252 3916
1903 2862
955 2473
232 4358
2858 2231
4702 2423
740 4062
3767 2268
996 2182
1478 1405
4699 3842
3242 3022
362 2575
3729 4419
2196 2418
4549 4310
4269 4816
4245 1316
1538 4015
2344 4496
4512 276
359 3950
3066 2936
587 657
4472 1128
4281 2820
2615 1309
3313 853
2556 2830
2511 1578
3766 4273
1113 2402
3012 4699
1330 2623
681 1127
4186 3762
4971 2527
1385 2974
3494 4692
254 2757
226 3035
3780 2100
4216 3063
3615 1902
2033 4569
257 4665
1916 4765
1421 1172
1959 2032
3076 4272
2533 4878
1140 3674
344 2959
3463 1359
3178 3851
3563 3435
370 4390
2135 1034
1572 1843
2391 2697
1532 1078
4988 4084
2172 1453
740 3331
3769 4533
3468 2547
421 3883
275 1506
1451 4982
1476 4816
1270 1336
488 674
4083 1032
1237 4983
4175 1272
3283 4575
2907 3564
832 3064
2814 2644
309 2544
693 4647
1428 3999
940 1331
1615 3880
4849 4647
1637 4500
2005 3494
2685 3210
3294 447
3843 4998
4515 459
2740 2535
1605 2351
1117 1715
4564 3170
4606 1398
4394 3385
200 3495
4036 3176
4818 2574
1975 2978
4152 4903
666 1596
2737 4245
3196 385
4125 1266
552 1010
2623 3624
3885 4413
608 2525
927 2973
1529 4066
1439 4674
2841 4856
2717 242
870 3112
2789 1652
2950 377
299 4331
3526 4904
1117 4034
3465 2465
4513 2406
3285 493
2627 417
4536 1176
2428 508
4353 3340
4318 2974
2014 1792
581 4050
2461 2300
3629 3646
2241 933
2678 556
808 4022
4783 2783
4713 340
3947 2145
4003 4952
2972 4422
2048 4099
4453 2296
1917 2335
328 2546
4290 2093
2366 3008
619 1264
3988 1003
3760 3444
2975 3101
3416 1609
2711 2765
4134 1951
600 1929
2549 4885
2896 1211
4914 4065
2935 4368
1358 3446
2742 2167
1400 4993
3782 684
4513 2831
3554 1032
1442 787
3388 666
756 1864
4855 577
3540 3863
2623 215
403 829
3263 1435
4094 1259
4758 3617
449 2406
4382 3524
1736 3484
2038 1405
3829 3989
803 1610
297 3011
4720 3787
2941 976
383 4054
4107 1093
2767 3546
4354 3933
4583 2225
275 3009
4516 1938
4433 1847
3071 2943
2557 1954
550 3508
4899 1616
2878 1632
1779 4063
4261 4142
4621 3694
4283 3388
3971 2375
3709 2797
4792 1453
3325 3302
2979 2622
3240 1000
700 4361
4562 1020
2251 3720
4975 1353
4409 839
1154 1457
1911 1102
2251 2729
3133 4013
1824 3171
2447 4872
2484 2158
4701 2710
2864 4043
3547 4960
1542 3829
2364 2711
664 2933
795 622
592 3269
3218 3422
2313 4287
4204 436
4676 4122
1226 2960
931 3604
3530 1845
2668 4199
4265 4148
3737 2825
784 2475
4882 3181
243 1513
966 805
3279 1914
1817 316
1733 218
2920 1144
2927 2092
4383 3752
790 3784
930 3882
4860 2154
4101 2837
1852 640
3078 4331
2894 282
4566 3967
3378 1363
2762 755
1812 3598
1566 4205
1753 3450
4309 2437
3022 1561
2270 3911
1394 1539
1514 2569
1439 3012
2307 3788
4240 4049
2635 3353
4291 1409
4168 4230
3566 2734
1713 2388
2780 1751
1187 4638
900 2446
2625 3550
2439 4822
3055 4148
3676 2042
2821 3460
3144 3542
1632 4519
3350 4623
1979 372
4450 2545
4092 3103
676 2765
4367 3610
2517 1765
3349 1830
4679 4198
436 4465
2570 487
3451 2778
3883 2062
2402 1600
1740 1723
892 4875
4059 1958
2720 4638
3003 1644
3375 952
2032 837
3503 2276
459 3860
2677 4942
2697 2543
3805 2417
2735 3771
596 2056
1814 3021
4457 1880
303 2392
4833 1622
3076 1027
1774 3337
2328 1696
1312 4566
3220 226
1882 3051
4413 2427
2465 1471
1188 4612
3873 3896
1907 481
4771 3697
3928 471
3883 1906
1606 4286
270 566
4188 1811
4270 3545
384 784
2520 2170
824 2525
1241 4617
606 1217
4760 3387
654 1606
2028 1692
2031 1200
2980 3529
4574 2685
1596 4246
566 791
1012 1062
762 3427
2589 3833
2412 3584
1930 1468
1270 4219
4747 4378
3884 3971
1811 4383
1358 4364
1169 2427
2370 796
1789 2804
3710 4337
3412 1209
2356 2620
3868 1001
3598 1433
4845 592
4165 3714
1951 2325
4918 438
3231 3119
1927 2796
4784 1657
3854 2902
4021 3091
772 224
2614 3560
4647 647
1724 2540
2898 1453
4303 2689
2849 732
3945 3561
3802 3658
387 3057
2410 4420
3575 1654
1645 3707
3824 815
2715 4872
472 1689
4122 3335
2247 1995
4273 1788
4522 1562
1243 4789
4049 3347
4717 1461
1815 2132
4611 3693
4241 1987
4207 2317
1732 4825
2939 3865
1041 1187
3617 2523
2179 3825
1009 4448
4641 4076
961 2092
4730 4915
4119 933
4916 1248
376 499
2030 385
4373 3256
2727 4484
1442 1113
386 4674
4997 2520
4955 3363
3209 3670
3900 3380
3977 4713
1524 3690
3709 888
4170 3427
1451 3663
582 4254
3867 2840
489 4209
2287 204
232 3032
3031 3083
3108 958
3538 2671
3855 4188
4153 4313
703 1234
2470 3258
1397 1495
2116 1000
3211 1971
2182 1699
1734 3850
1239 2214
2898 2131
3917 2652
1811 2396
2005 3186
3516 4405
4919 2992
2361 4879
4723 1206
4552 4170
3123 3154
816 3916
1095 4040
3636 3829
2920 613
3624 2744
1418 3782
2015 4482
1611 4582
883 468
1800 2995
4132 4545
3492 550
3552 2237
2857 1537
4458 505
3863 2949
2548 1811
578 2844
1761 1957
751 3573
2656 3167
3902 638
2180 200
3930 2803
1956 849
2036 3151
1317 3898
2544 2877
4886 3294
4275 3341
3346 3974
1818 1410
980 3608
3441 265
3046 2994
843 833
2570 2078
2000 4990
209 2394
4867 3609
4277 1849
2002 3471
745 4877
3619 2235
4848 4466
1673 1578
2268 1089
4634 4018
4700 2867
3497 3923
606 3827
1575 4630
1880 2806
432 4380
351 1009
3845 3032
4602 2129
504 584
2918 3068
1328 1677
1784 380
3361 282
2817 2257
597 1952
635 1492
3572 4464
2343 2828
4330 2507
3628 3078
2239 373
1869 2965
3252 4463
4974 3833
1025 576
1897 1555
4154 3321
2359 1906
2734 3274
2175 3149
2178 3488
3272 2567
601 1812
4336 2441
4236 1039
2522 809
1073 1965
3885 4821
3372 4098
4184 739
2835 3868
4040 1380
4919 703
1655 3662
4797 4449
995 2764
1602 4767
319 1317
454 3806
2735 2768
4067 851
4453 999
4490 1646
2306 4380
524 3202
815 1745
283 4536
1914 3564
3152 3744
4299 947
4250 1175
531 1655
2963 1363
867 2258
2024 3691
1689 1368
3334 1837
1113 3013
3569 4147
4254 2825
1838 3862
1300 1050
4201 2699
623 1140
1823 207
1771 265
1250 750
274 2638
1733 2234
646 1764
2941 2489
1186 680
2948 2895
2579 1967
4263 4613
4707 217
2764 3489
4680 1030
4996 3365
4620 1058
4281 2760
1155 424
1344 1601
435 2244
2494 2143
595 4501
4855 1089
3538 2337
2674 2976
3143 2677
1430 887
2175 2636
2534 1062
1597 1673
2661 3474
3204 1872
1229 4838
3219 740
2566 606
2459 3412
936 4645
3317 4104
2193 271
1266 1283
640 2983
4255 448
1367 1565
1695 569
4715 2815
2451 4404
2049 2218
1934 2260
1872 2125
2782 4741
2320 1040
394 4848
4306 366
2383 3449
459 2241
412 282
1651 2314
3939 1976
4919 4281
595 1361
4526 2622
3712 3406
533 3540
1726 4939
1668 2753
982 530
744 4197
551 4033
1955 1449
527 4668
264 3410
817 2755
4974 1987
4011 4619
3571 4738
1180 294
3286 4123
4915 1467
3809 211
1704 3051
1725 451
4501 1085
4988 2621
4694 4269
630 2612
2508 1706
1146 4164
1892 3234
1026 3253
721 2729
2837 4795
2373 4662
2245 4579
4930 2552
3271 1287
3801 4738
1846 2021
513 1305
3134 3160
4349 3618
2978 2895
3564 3941
4826 1140
1687 4515
816 3524
2917 2619
2375 698
3414 2521
3594 3234
4697 4224
1805 1781
2809 1336
2151 3972
753 333
2428 340
1709 759
2607 811
1833 3175
4447 257
4585 3994
2840 1359
2867 2931
2874 4901
1315 4227
1905 2849
3230 1770
591 4476
3022 4872
3186 2633
764 2500
4432 3094
2104 615
1882 4097
3254 1093
4000 799
3108 3319
1258 3777
3337 1632
1237 214
1860 1245
4668 3827
3798 3106
1362 4193
1609 4779
1617 4344
3278 2380
4651 2599
774 2033
4282 1247
1929 1486
3206 3176
308 4908
392 995
1806 1780
1538 2588
945 890
4951 3749
4108 1857
1215 1678
3322 2159
639 2048
2134 1008
4929 1671
3219 999
1288 2661
3116 4677
3378 2163
1431 4531
4892 321
2201 691
667 1215
4916 2759
4712 2737
3545 554
3440 4672
3717 1463
332 3253
2248 3727
2223 3272
3310 4010
3750 1338
4249 4178
2151 3093
1633 906
4341 709
2931 3651
4111 3367
2600 1166
1610 3677
240 3913
3681 1484
4038 3566
2892 2286
3856 1643
3163 2279
2614 2589
2178 1144
4159 761
4583 4770
403 1278
2506 1930
3829 1966
3120 4414
756 4232
4396 2766
3059 2957
4949 2857
2740 1467
3026 2509
1678 4487
2790 3879
2884 4781
2746 223
3861 208
2324 2179
1134 1549
1176 3956
358 4329
2317 1319
1132 4520
2621 1274
3312 930
3013 3617
479 4916
784 1303
2917 1442
4431 1840
2961 2995
821 1855
2760 4001
233 3542
1295 579
1274 4381
1720 486
1543 916
1960 2324
1460 1813
4337 2194
3768 4086
3653 259
2959 4068
3580 4457
1858 358
1766 4841
2441 2102
806 1815
1996 2249
2554 757
2261 1753
729 1125
1097 4881
404 3282
325 3706
3342 2753
3264 1961
4235 1185
3101 1387
3506 4618
3223 4448
535 2355
832 1503
3763 3862
3280 3772
4026 4622
1414 4363
1864 3867
285 4637
665 1687
3965 2628
3948 4566
285 2134
3352 3821
3807 3095
3932 3578
1318 2299
3065 1831
402 289
953 4981
869 2321
1290 4112
560 4593
1372 4816
1066 1450
875 4777
4317 3739
2610 4164
1794 1876
1836 1854
3963 1134
3671 361
3439 4078
2176 3837
644 3560
3884 3697
4671 1394
3265 2548
983 3487
3622 4685
862 801
2382 2920
3697 840
4744 329
1314 2580
1803 3630
2554 2893
4920 4621
3876 3323
3588 432
3398 1702
3716 3727
3622 3354
3339 2748
1008 2011
1517 4852
3900 2693
3128 4059
1783 735
3784 1778
4785 347
1992 4091
271 1329
3878 326
1561 3683
3638 974
910 1541
1805 3023
2188 2156
3643 2219
1835 4776
2752 3345
4111 3628
325 3746
1430 1699
4876 4129
2421 2908
1110 3592
1926 776
1536 625
1567 4777
3148 2662
2433 2294
3615 201
3282 3063
1566 2048
3778 3478
705 4669
4632 1772
4484 2907
4360 4109
750 4318
3458 2880
1397 1015
3765 3284
1068 3984
739 4968
409 3465
1431 3432
4151 3724
4466 3180
803 1678
4288 2571
2755 2695
3570 2289
3311 4172
2604 1472
4273 4550
3429 922
1212 4011
209 3988
1607 3180
1209 3050
1104 3717
4333 4322
202 647
1404 589
1110 2955
3902 3677
4074 332
4614 2046
4484 2457
1016 2516
1293 2951
321 1422
3112 504
993 1759
2660 4777
2884 4894
2691 918
541 3944
4077 1702
1215 2292
1324 908
2974 3382
593 4528
2227 4372
2889 3562
1256 4450
1807 4743
522 274
514 325
4305 1165
4101 1116
1487 4818
4145 4921
3633 4021
3469 3682
2109 2211
1669 1372
3443 2690
3189 1702
2142 1761
2548 2730
3917 271
883 299
2313 1520
2999 3330
3796 2317
608 3074
4626 438
4384 3356
1669 2266
2050 1315
3659 3236
2834 1598
428 1772
1357 4934
2731 811
1039 1620
2969 4187
772 3856
3001 4756
2423 2249
3253 1069
4590 1106
4757 2822
3518 447
2648 1883
3613 2067
3585 1739
1513 3245
287 441
3523 1076
2716 4180
1107 209
4876 668
2572 1959
3830 656
4375 3860
4295 2967
4800 2206
3087 3994
1341 4240
3283 1894
355 3244
4854 4243
2712 1264
3092 847
1513 3190
3061 4953
2421 2470
3008 4332
1952 1888
4518 3154
412 4070
3384 2145
4810 4025
1064 288
456 668
4230 4089
4680 3450
2965 1623
933 524
3404 3130
2548 1756
3240 2294
2485 3369
4406 4431
2310 1900
931 2279
2739 227
590 2442
4885 1194
3527 587
1319 4531
3463 2879
2980 825
1672 3195
4789 4134
2772 3435
2330 639
4930 1270
1092 708
4020 4455
2982 2320
4563 482
526 4858
723 3313
1647 1476
1150 1259
3378 575
3684 2295
2311 3266
653 3382
4806 317
3164 1612
4884 901
3187 1750
4356 2550
719 1904
2801 1813
1194 2036
1651 212
4630 1364
4735 3671
1049 1945
2839 719
3086 4369
1581 1818
4062 4177
4661 3246
4212 1380
3144 1772
2316 376
2519 2295
4224 782
2462 3369
2360 800
581 2687
4098 1960
3374 2129
1621 2014
2139 4159
4618 3169
1957 1203
2641 4780
2609 3548
4886 1641
1222 2109
1291 1304
4159 3247
597 3312
2412 3763
968 2308
2789 1603
1136 4806
2331 3169
1552 1021
3752 300
4142 1961
3760 4758
4685 2537
4316 431
3955 4235
4504 3618
4370 4304
2389 1518
3088 1148
2279 4981
4213 2346
2700 4780
3716 3545
216 3667
4913 2728
4284 4277
4983 2626
2149 4596
1428 3408
874 849
4973 1903
4941 1242
1946 3720
2181 3033
839 2310
1541 4454
3059 1934
4830 1227
3603 4666
1463 632
4287 1871
3805 2197
2071 1003
485 3873
2002 1080
2685 2855
1686 2572
4257 1480
514 1982
4503 1415
4357 2348
4460 4547
4325 3119
4114 3811
4630 3542
771 983
1936 564
2075 4719
4478 3508
358 3000
3180 4556
2507 2235
4482 4581
521 2661
1405 887
3780 1439
4114 4516
2763 4543
3487 1200
1262 1641
1419 4945
3756 3580
2869 4390
2246 1924
807 935
4653 1640
4852 4611
4952 1342
1262 3118
958 1753
2936 4082
3369 4540
2290 935
2422 4892
4416 1510
1313 3912
3590 2074
3248 4740
3428 3674
4069 904
1315 2709
317 3810
778 4732
2115 1739
1434 3346
2019 2877
3494 2945
930 2780
1882 270
1179 3808
3998 3790
2970 1272
1393 3801
1094 1903
2635 1188
3355 2432
4699 3592
4498 2618
2437 4263
750 3920
3138 3684
2015 2178
2293 3238
2643 1959
3578 413
2551 809
1431 4437
1783 578
310 4279
2540 4288
4765 1826
874 1382
849 721
4404 2521
3479 2042
322 3926
1129 3239
885 1721
2387 1843
277 373
4603 1015
2469 4946
2284 3215
4216 2218
4273 1720
2183 4849
1777 3685
849 4831
419 424
2637 4446
381 3689
2465 1255
1831 3365
2081 3547
3707 2705
2384 452
4974 731
1342 4203
4728 4012
4849 2076
2026 554
4060 508
4631 3057
770 3201
3409 2964
3996 1562
3760 1043
3078 2993
4567 3880
1152 1838
1867 4851
226 2252
4716 1043
4077 1815
3906 3918
757 4206
3013 4157
2374 539
453 1932
1499 1019
518 1188
1200 2590
801 4208
2524 282
1833 3086
4271 4831
1869 3629
4091 4931
3892 3350
4036 4844
2966 3189
3979 1953
858 4710
4479 3191
483 2615
3425 404
1123 4289
1525 2506
1316 3196
3079 4131
2089 4956
3494 4369
1211 2413
4420 836
227 3368
3244 3814
3707 230
1514 1018
1326 2831
4754 3403
4080 2766
2354 516
4762 252
2896 616
4460 4657
3669 2243
2087 480
4017 3778
1094 1728
2985 2229
899 1700
1510 4647
619 644
428 4430
3831 4751
4465 2673
1516 2481
3562 4631
1193 2429
1732 2598
783 3168
451 990
3697 3463
986 201
4846 3564
822 4823
674 3638
3043 3567
546 3953
4003 3264
3034 324
336 2317
798 258
3890 997
1753 2094
3367 3273
3191 529
2618 2945
1917 3530
714 304
4184 413
2141 4555
987 3100
3658 3140
4794 4252
465 958
4726 510
1711 3420
1242 2790
946 4637
838 1758
2902 2182
3933 2660
2202 2144
771 4645
4878 3560
2223 1681
4734 1600
279 1414
4716 4038
2126 3241
3818 3946
1055 3301
914 1878
1402 2975
4199 1640
1658 3947
668 1396
1174 4359
4489 1186
1881 1902
4048 3130
2323 782
2850 3370
3188 3027
4559 1556
2105 546
3669 4338
2767 3826
4565 478
3514 2130
2525 4075
580 1210
1929 2908
3652 4669
310 3089
4297 1480
1504 2608
931 2339
3747 603
4849 3621
2818 2843
2091 4783
3637 2515
1415 2637
4668 1306
331 2040
2600 1961
1388 3598
4381 2958
3096 3586
2569 1745
1437 4887
2036 1984
846 2456
3431 3780
496 543
423 866
4261 1639
2480 4089
2783 2593
3762 2505
2456 1052
4365 1018
2871 2146
2828 961
3275 3098
2190 4914
4201 2985
226 1532
1112 1529
1144 2475
1564 895
4974 3716
4552 486
725 2885
4726 2227
3257 1753
3170 4037
866 3771
1265 2936
1609 2946
1109 832
1592 2008
1745 3819
3173 4356
2932 1348
3737 1875
1303 2952
4262 2590
4016 3365
2404 3020
3550 3297
2963 2106
2812 3093
1621 2656
4307 1099
2995 4048
727 4875
4176 4734
2738 2698
3018 1924
3353 900
2599 1949
3525 4830
3926 3944
1428 2475
636 3335
4759 2066
4252 881
2828 2838
1532 2473
1644 881
4837 499
4880 2160
3041 2178
1379 1493
3751 1855
2110 2906
618 1032
2084 632
3787 3024
4616 4719
4003 4162
3031 2333
4500 4358
347 4502
301 4193
3134 3700
1733 2497
3059 3931
2642 4613
1246 1726
3180 1125
2737 1845
471 846
2684 3302
254 1005
4949 3547
2869 3020
2840 4155
3526 4982
2421 2983
3273 792
4473 4632
2119 2413
1822 3919
2685 549
2311 3197
3381 4953
4881 1143
4042 3190
4563 4971
434 732
3356 4283
4999 1626
2597 4256
4627 1721
1848 2907
2724 4896
4096 2645
2930 2641
3345 4764
2666 1918
3303 1851
4375 841
1808 1370
3641 4893
200 3657
2303 2944
1351 4604
2052 1130
1520 2877
1516 2130
631 3800
526 2282
3562 1564
473 3534
2973 4291
2339 3533
4476 4370
4263 2380
3464 3326
1159 4453
741 1507
3264 316
4446 4379
3744 834
1657 3590
514 3914
4776 445
1475 1743
1927 4300
2459 699
4165 1767
2422 619
1729 4674
4004 1260
4832 4321
1411 209
4877 4939
4421 2190
2169 4941
1024 4153
3285 1999
2715 4319
459 4128
4177 1032
2488 619
2439 1152
3305 4498
4923 4444
2976 1459
2335 3244
2978 3231
2712 4560
1516 4962
1201 620
3014 497
4302 3494
484 1596
2482 682
1895 4758
1836 902
2663 761
1422 4665
4894 342
2721 1312
2385 1564
4260 4570
3694 4047
4001 2275
4872 4469
1685 3129
3780 3016
4085 4988
1415 1056
3096 4885
911 890
3781 2818
827 2458
1965 4723
362 1309
1775 758
2954 1033
4678 3136
863 3103
2274 2370
3707 2886
1389 1758
1141 1903
2759 3649
3509 3728
4751 919
3990 3844
1938 1105
2981 4478
978 4522
3417 3332
1814 3377
3245 2880
4832 3008
2442 3138
1927 3410
929 1165
2229 2159
880 2922
1847 2752
763 714
476 626
4459 1934
3058 339
3023 2855
4173 3531
442 4436
286 3024
694 2551
2180 978
284 1754
3176 831
1488 1545
2190 2330
2528 4523
2276 2129
1884 1526
2692 4681
2359 3676
609 1219
1896 273
925 3432
2643 389
3925 4723
1474 350
3500 2184
4600 1003
1634 1475
4606 1201
3571 715
2179 3633
1515 3038
2602 3579
3252 1811
4384 3138
2575 3559
743 3793
4693 4002
4490 3527
4409 2567
3237 1413
2585 1832
4875 1674
3940 1773
3434 768
3979 3832
3213 1382
2234 3377
218 463
4556 3335
665 4570
2553 443
3903 4784
1998 494
1033 333
408 3426
4940 3917
1141 779
1724 3507
1460 3617
1101 3944
1542 2089
3441 3939
1228 728
1546 4323
728 2023
315 1158
3706 1575
3151 4428
835 4388
1101 1763
1386 4798
3570 3184
3440 967
1815 2975
591 2188
3258 390
3460 3562
1096 2716
3596 4490
4771 228
1086 2397
3366 2995
2488 2688
3387 1533
3944 2594
3600 2493
1760 3273
4017 512
4641 1108
3487 2639
3430 2509
3408 2984
3380 1620
2501 840
3409 2207
1068 4024
1517 3234
527 3676
4641 4039
3569 1461
561 797
3122 3713
4077 3878
3370 4127
2190 1177
3532 1804
3323 2187
1428 2130
2668 3106
4753 505
1991 2935
889 2026
442 2999
750 3969
3159 3559
2808 422
3408 1646
324 3380
4443 4769
473 2525
2708 1434
1933 328
864 2020
774 958
3977 970
596 4698
2963 4900
1792 3346
717 3199
3969 2621
2477 2082
4688 1889
3662 1086
2460 3741
1674 2750
2405 2523
632 3150
3642 1356
2029 4057
571 410
2053 2984
964 2530
2330 3437
445 4486
3130 805
2299 3341
850 4913
4060 3385
379 4695
3353 1456
2627 1010
4400 3141
4748 562
1097 1071
4857 1821
4917 4039
4088 793
4667 933
4722 3392
4610 1854
1708 2302
1955 4397
3234 2667
2798 4668
2893 1729
715 3675
4851 1678
1091 2444
3100 2768
1160 3267
3660 2987
1048 2492
2751 853
1281 1392
3167 716
3243 3479
1608 4145
1936 1331
2878 4991
4599 1796
1784 3477
2270 326
1850 4054
2867 2032
4763 741
2436 1654
487 2874
3591 2717
2090 2983
2717 986
2081 771
1479 4839
4575 438
4137 4854
3634 234
4145 2200
2453 4712
2507 3199
4866 845
3262 2947
3458 2769
3526 2918
1336 3063
3629 1856
1548 1383
4039 526
3096 3319
2831 2713
4067 4757
1057 3685
926 2717
4113 2914
255 4399
767 1252
2165 3950
2462 1685
3673 3452
708 4484
1440 1878
317 3212
4360 4139
4007 1116
4843 4580
2946 3621
3941 2587
869 4475
2213 4632
1461 4473
3758 2827
379 1850
1337 3416
1492 3125
3525 4654
2950 3830
3571 4693
3088 4137
4700 552
2387 606
3146 1263
3052 3669
3378 2951
1939 1190
4649 3967
787 2971
1929 228
1363 4468
780 4471
2917 2147
1147 2056
681 959
2323 2409
1196 537
410 1967
1620 3305
1859 4527
2952 4546
3366 4078
3693 4108
4216 502
826 2501
2866 1483
4846 3599
3679 4142
1741 3932
3394 654
651 1414
2157 3203
2210 2608
3357 1303
3981 2959
2313 2505
3496 1346
4187 4792
2224 2860
3167 3975
2488 3418
357 2103
3063 3023
2852 4171
3021 1665
2931 1143
2211 868
3553 4179
4106 743
1958 3972
3769 1414
1034 1346
2563 2287
973 4985
3418 4012
4515 2455
4974 2114
4968 497
1097 2696
4666 2848
729 1411
2320 1331
4937 744
4636 3978
272 4430
4586 1655
524 1316
4263 2711
3153 2483
4916 2835
4487 3252
1109 468
775 2427
2399 1845
4099 858
2183 4670
2541 731
770 4077
1346 4954
3691 3146
1570 2818
1118 2073
4362 1989
1209 3904
751 4528
2300 1702
3918 1028
1375 3650
4123 4755
1721 2489
544 4410
1217 1344
973 4671
4109 3571
4495 1119
2005 4654
491 3194
2643 3261
4785 3676
3756 2713
1407 2224
1197 2457
4277 1982
474 2818
4671 2573
1171 2367
3800 3520
3950 1053
2076 1439
2791 3911
4558 4139
670 689
2180 1392
3023 1042
3894 3047
694 2152
2139 4419
1682 2637
2353 1790
3295 2259
4660 706
3376 734
1736 4345
4767 231
4404 4089
1539 3740
1586 4577
459 3825
4385 4709
4511 4185
901 2199
1919 1989
4216 235
2665 1045
1061 4988
890 3349
4176 3741
2260 3012
209 3300
4419 3192
3990 2244
3621 1156
3308 3645
3810 610
4152 896
3214 1826
1900 2903
883 1108
616 4094
2121 1184
3143 3255
4598 2502
4727 3373
2860 287
1439 2941
2293 317
4118 438
3419 2648
3630 288
3940 464
1339 2370
685 1451
4692 3326
3668 730
2422 2706
2007 716
4424 2742
1916 2435
2631 2052
4833 4073
1327 3127
2926 1684
296 2281
421 4006
2172 4667
4082 3681
3806 1756
4962 1717
2635 1765
3460 945
2759 238
2550 4080
3719 1920
3242 3779
380 4278
1423 3427
4303 2028
4957 4871
2387 3388
2061 4396
2746 480
2058 704
2493 1037
4258 1430
1918 2458
923 3335
4890 248
478 3388
1131 2725
2825 3687
2321 1208
3005 4523
856 2499
3670 3916
1641 1016
2332 4165
2068 712
4761 851
1180 2301
1166 3108
2477 1925
2755 287
1086 4790
4804 1132
2538 4238
2649 2112
1581 239
947 3860
4221 307
3356 3877
1775 4575
3624 3352
4460 1163
4324 4825
571 1604
528 1603
480 1217
3154 4747
1268 2863
2002 1611
536 3466
2197 4262
1365 3208
3110 790
3591 4595
1723 2140
2083 1535
3485 263
3467 2297
4817 2852
2778 1173
1505 4608
492 1884
4378 3084
4190 4315
1246 2291
2096 732
2812 2990
1505 1811
3699 3044
4876 2468
2991 2266
487 4781
4360 4958
1442 1582
3517 1058
1887 413
2095 1063
1685 1926
1470 3657
1524 4055
2287 1770
3118 3314
3297 2108
1151 3976
4216 3776
317 3363
2016 579
494 1073
2091 292
1162 4591
719 4312
4592 325
1125 1705
1801 751
1450 4263
3861 2525
1631 1341
870 2712
2460 2559
356 2156
3922 3826
4579 3789
3327 874
507 1655
2935 4975
4187 4552
884 406
4903 873
3346 1287
4457 2175
1597 390
2854 4975
3857 1311
1075 2506
1515 2953
4697 4764
2292 267
2119 2098
2529 757
1000 1147
357 3867
1362 2161
4546 3907
4829 4528
2401 605
586 3537
3524 937
3145 812
648 4543
3223 3510
4563 844
718 2522
4584 1319
2297 1113
3090 4193
371 4915
3910 4606
388 4911
2947 202
3183 2868
1848 3146
2382 2128
3407 3185
2997 1726
4044 341
4711 4472
2176 4331
2254 3574
1985 341
1477 222
2576 4812
2866 3476
2521 4741
1657 1515
1832 962
3378 4319
1146 2789
311 805
1581 3647
1121 3368
2860 4759
563 2406
4149 2498
2254 1011
4315 1808
2959 1794
2690 3829
4266 241
259 1677
4103 576
3083 1033
4541 1011
2442 2091
2932 2691
3279 2986
4034 1458
243 2596
3956 3789
3885 4050
1489 3487
1951 2472
4946 1315
429 644
2282 248
379 4768
2680 2550
776 1022
661 4771
2799 4079
2220 2791
4895 4230
4194 322
2602 531
3056 582
1744 4165
4784 2786
1283 1680
2544 2506
4140 2402
3660 2612
2408 2063
808 4495
4483 2642
2264 400
1416 1083
1040 265
2959 455
2857 449
1302 375
228 1269
1957 3095
1123 585
3037 4295
4153 1517
653 2275
4307 3094
1846 3321
4971 2467
1796 4208
1217 4905
2375 4787
4064 3991
1301 1538
2223 710
2685 632
4147 2753
4187 274
1402 3276
4977 1404
1096 497
4828 4504
4872 4011
3772 3648
1163 2424
353 1213
1486 2533
4017 1882
3409 294
1708 473
3626 3140
3702 780
2942 1992
4579 2774
4897 2568
4129 2618
4332 4210
4991 1048
2906 2038
4378 3170
483 889
2632 1933
4119 1480
818 3327
1111 3629
3179 2071
524 678
2111 3774
3908 2167
4923 2441
2706 4205
3251 441
592 3068
4886 3136
4384 3246
1684 799
290 3034
3227 3332
1527 4386
4347 289
4872 1062
3869 547
4682 3366
3404 4693
1988 3174
1937 1657
4942 4092
3287 305
1322 4854
559 4865
1371 517
1549 708
1010 2951
2638 4556
3329 2580
3245 3563
2652 1825
598 2279
1128 2486
3110 824
3823 3281
4972 1018
1779 1376
1702 2462
4638 1158
3899 3179
4675 3243
984 999
3525 4763
1129 3282
2707 2228
2778 4181
609 898
4155 4819
4010 3013
3721 1000
910 799
1097 1166
1595 627
401 1569
390 2409
863 220
3581 4091
1096 4836
3925 4201
4643 230
1827 1083
2361 4463
2043 4127
3272 2796
1596 2491
1271 2749
1429 1503
1362 1606
4527 655
4251 2436
2800 2507
2004 2998
2858 1532
3052 4313
4657 525
3183 4002
1467 3445
2392 3128
2377 4081
4217 4325
993 2199
3404 1978
4822 1657
4828 1923
3514 2478
1371 1345
1502 2793
3375 3372
2335 1133
1485 3487
2032 808
424 4151
4810 4834
2558 4246
233 3133
469 3221
4302 3665
2426 2530
1861 509
1262 3498
2358 964
4461 1531
343 4937
1108 4875
502 1609
3574 2601
4503 1892
2459 4319
1730 577
1122 4386
496 3123
3565 375
4787 1186
2857 2044
1074 989
4221 3409
2229 2931
600 2290
2201 4639
909 3419
2833 2242
1070 319
2397 1400
1676 1962
3322 2853
4944 3450
1074 1757
1414 2275
2640 2298
716 3269
969 689
415 3643
3567 969
3017 1767
4639 1741
4314 2924
219 4027
2775 718
2961 3647
3551 572
403 3901
3517 1312
3720 4044
1434 2369
3453 3863
2216 2994
4986 3970
503 576
2112 2419
533 351
4407 3764
1904 2108
1668 4377
2753 1008
666 2570
1948 4368
2449 3085
3937 371
2057 1415
788 563
4989 1381
1954 2300
3436 1552
3379 1987
1531 3382
2045 3348
1392 1646
2186 2999
4045 3973
2032 3999
3528 1815
4459 3941
3451 4038
2803 1547
240 4653
3298 2169
376 825
631 2488
1122 738
2226 1606
3981 705
2067 4964
4365 4015
3329 618
420 391
4531 1264
2152 1395
921 3078
2426 269
3658 1194
1361 4299
4931 2502
826 470
2831 2087
2971 2646
2779 3481
1541 986
1761 1634
1015 1780
438 3199
3711 230
1692 3755
3533 401
914 3417
3452 4935
475 4652
3563 2727
4261 3862
3871 3232
1948 2047
932 1851
3506 1435
254 939
2480 3790
4612 4331
2283 4827
2951 3702
989 1143
4825 1939
3700 1501
1488 4397
1154 2147
3300 291
2211 3256
3184 742
713 3936
2161 4684
2406 2210
1008 3900
1337 2697
2928 4888
2177 220
3379 4340
4030 249
866 2929
3184 1935
2610 377
3350 3736
2628 2966
4207 2011
1282 4914
1854 1917
347 2490
2002 2356
4434 3722
821 490
2339 831
564 4302
3011 4915
3950 454
960 310
4667 2600
4552 2046
796 1965
3885 3502
3692 1737
4722 4285
2505 4424
1550 4102
2205 1171
787 309
3991 2480
1992 1560
2638 4315
2443 4084
3757 4230
1424 2843
4766 1169
1013 4767
4225 2941
2713 1583
3756 2954
295 693
3827 2088
927 1408
4334 2952
213 4516
2662 3367
3495 1983
2589 821
4070 2874
2848 4914
1355 519
2197 217
2201 2325
2169 1144
1534 4910
2669 826
1585 3471
3989 2236
1053 4181
364 504
2151 2897
4284 1229
2017 4303
2237 2350
904 959
1658 1336
4277 2793
3659 4541
2069 1576
223 3981
2883 1139
3038 1285
2470 4709
2973 4854
1034 2228
3159 3761
1414 3087
3715 1173
2568 1565
857 1645
3465 370
1710 2156
2576 4366
3820 1766
3642 3040
2000 1732
4872 4576
3482 1006
4187 771
3068 1910
760 2337
3918 4402
1079 2369
632 1744
3129 1830
3630 2578
4301 2593
1600 4902
2865 2795
3619 991
2801 3547
2076 582
2541 4788
1163 1821
2186 3746
2817 3890
3587 497
4463 3313
3426 4234
636 1894
4222 3936
2527 924
2542 3131
4303 2180
994 4416
3042 3979
2032 4572
1297 413
4521 4275
1799 778
484 2898
2803 3924
4663 3361
1315 766
219 772
724 1432
4620 396
3535 3208
250 3575
3214 4688
3765 3447
3695 1260
2190 568
4101 3432
1051 1222
3705 2112
2486 3050
423 2321
1999 2789
1282 3037
4457 4712
215 3738
1480 4752
1164 3528
681 2727
2275 1910
724 4877
4604 2658
1741 2408
1627 591
589 806
1572 3840
1252 1594
4865 2758
4178 4226
647 374
2851 538
4497 1617
3883 1590
4279 4361
3897 2310
4154 3959
493 275
2289 4705
3078 517
2644 360
1107 4334
249 2632
1545 3754
855 906
3522 716
3900 4619
4364 4584
1925 2469
946 1883
4172 4902
475 4016
3201 260
3744 3844
1951 4185
3763 747
549 3882
1286 2077
2401 3160
3510 3933
3499 3102
4382 667
1471 2483
2697 3518
2625 3164
3136 3572
4385 4618
2794 2554
4873 3216
2591 1057
4986 593
1024 2539
4099 2391
4801 2086
3711 3607
1312 2209
2025 3584
2236 2259
3922 2610
3068 1055
4397 2845
2864 680
220 2827
4167 200
2792 2424
1476 682
1615 3219
1278 1517
1164 4406
2154 2371
1889 3390
1297 4331
1278 4716
1270 2061
4882 3465
2500 2828
3808 4076
1136 3492
985 2634
1913 3182
1550 2008
728 2297
3621 1278
3863 4743
2085 1428
1902 1439
1204 3602
262 1475
3095 2173
1000 3497
4689 4402
3863 813
574 1318
1482 538
1167 3173
1605 628
2627 1617
519 1476
3012 1003
999 4045
2772 1635
3969 2660
3219 3302
3250 4896
985 3910
2181 1908
2412 675
4527 3584
2955 3972
3760 3585
4246 1085
3308 1463
1174 2805
2727 4882
3470 1319
3121 2984
3810 1047
692 4552
3120 2848
4430 2859
507 3206
3127 1977
1009 4182
409 1356
3113 3828
2162 1555
720 2761
917 1983
2630 4708
4904 225
3925 878
1765 1557
4396 4045
4930 2099
1051 2412
615 2442
4585 3291
2933 1074
439 4111
338 4282
3046 556
2809 2944
310 2017
2578 1711
1178 4203
3209 4684
2584 513
1598 3107
3139 1121
4733 3642
645 973
533 1530
2516 387
2993 3104
3416 555
1511 3767
4065 1758
3156 929
1097 3977
4679 3942
1158 2343
554 3761
725 3607
2755 2733
4594 4676
1388 958
3049 2737
3528 1692
775 3615
1022 836
357 2154
4657 3136
2762 4625
4647 3064
1936 2308
2319 3388
4621 350
700 1698
4920 1158
4947 2894
4141 2113
1470 3773
2170 1328
3659 4243
2086 1070
1776 4231
4144 1870
4398 651
4858 1800
3382 4488
3704 3328
583 1380
4070 2436
4788 2923
2237 4623
3577 3465
2098 2053
3943 2219
4587 889
2296 2757
3033 2641
396 2212
4956 848
621 220
4289 448
1833 4647
2624 2012
2581 621
346 655
3522 1861
3853 3284
1260 4297
4498 3335
990 1021
3809 4666
1302 1009
3148 2026
1824 4105
4788 2774
2979 313
4433 3866
2776 2083
2063 1261
4035 362
2550 870
4007 4499
898 3138
1628 2017
2192 2772
4199 4742
1273 3078
4445 1197
3905 1057
2913 1127
1523 1875
4798 3312
2581 4375
434 4558
1150 295
1668 1665
1983 4240
412 4788
672 379
311 4312
3431 3006
4685 1258
4569 1983
884 4211
4817 280
3162 906
747 1659
2718 3242
4300 3474
3108 4504
1654 1446
3377 1454
4759 3356
208 249
4859 4585
4892 3420
2000 2538
4474 4410
3273 3460
782 2984
4319 4844
520 2913
3406 4470
3638 738
4871 3839
1493
1990
1379
4715
2282
4660
2576
2157
3249
4110
4875
1884
507
1456
452
2733
2745
3067
902
1857
2467
698
4311
3634
4327
3818
747
2477
2750
1763
1834
2120
3531
3557
4540
4045
2266
2028
4866
3283
1924
1152
643
3475
1413
3183
1538
4104
1224
4155
4420
1294
2904
2922
3469
1711
1523
479
4797
2042
1766
3908
4267
1155
2821
543
1504
3133
2729
1146
701
3932
618
1806
2390
3415
2560
3247
204
2459
1186
2200
1239
3007
1686
2527
2911
2639
1786
546
1648
1359
4876
2332
3150
2825
472
270
360
2036
2942
1944
571
2872
4472
2643
1194
3922
4874
2827
609
482
3753
3937
3556
2813
4677
513
4302
3363
4258
3818
411
373
4524
4386
1601
1315
3255
2257
3382
1125
1090
3322
1115
4657
1206
373
3698
4552
2802
2042
491
859
310
1656
4630
3155
535
426
697
624
4271
3668
4138
2788
4932
2832
1749
1546
3394
583
3370
4528
2016
1013
4089
3804
1178
4875
4755
3349
3988
2859
869
1993
3904
2671
999
2673
1677
4561
3881
1177
1774
886
4869
1937
3746
3247
623
1910
431
1126
1549
3631
779
1650
3542
2238
4944
1714
1659
4730
2495
3202
1727
3308
1702
3311
3727
1398
1158
2978
4317
4218
3268
3901
1040
3674
3588
2587
1623
4586
1944
1922
2510
1300
3782
1477
2401
4714
661
410
3335
2173
4165
539
4786
2467
1694
4422
1949
3259
1771
2719
4367
2255
3673
1343
560
4634
3078
1375
857
804
1083
1033
1653
1586
2176
4250
714
3738
989
3910
1469
1430
4812
4793
4989
1159
2873
1524
2484
1048
237
296
4464
4565
4515
3264
571
2813
2473
2377
645
2118
1257
2427
3966
2755
4103
1239
4447
749
595
4225
449
742
2468
3629
2819
2588
3128
209
3156
1946
1091
1669
1658
3830
3801
3993
1446
3333
3277
1799
387
4719
2405
2767
1147
3377
3857
2074
3086
2900
2141
3401
4932
3729
1849
3536
706
3212
1117
879
1163
4881
1854
669
3461
2725
4386
216
1214
3532
3980
4445
1313
3055
3579
2384
4841
943
3768
3268
2708
3486
4717
2092
2128
4704
1012
708
3220
3382
737
1330
2654
2252
2279
2089
1088
3728
1606
2415
520
3089
1700
4537
3200
4884
2377
4439
4347
3303
954
4464
519
3163
4486
1829
4963
319
2552
3517
1851
4287
2036
3565
1031
4415
4371
340
4953
4496
2663
2201
4371
3457
1589
2501
1913
2755
4066
2850
3309
1210
4178
3752
259
4404
315
1276
4510
366
1726
2808
3403
4501
769
2879
2625
2012
2439
4885
2654
4977
3337
370
899
941
1560
3797
1872
340
2598
457
2210
4050
4433
1423
2439
4534
3333
1776
683
1313
3059
1028
1810
3129
1728
1201
1023
4067
1059
3164
1576
330
4933
3756
2426
2560
3247
1838
1737
3580
253
2786
2684
3668
4298
4343
1114
2149
4132
4669
2021
423
3024
3429
381
540
1263
685
2110
309
2235
616
3442
4347
4668
2526
3433
3612
4332
3675
3044
4483
2121
2178
2886
497
3366
262
3393
2808
2719
2038
2967
299
1145
3489
2589
593
4066
4471
4338
1644
943
3387
2863
2147
1232
843
808
513
1601
1819
832
234
424
1656
2662
1784
4860
3237
3349
2617
2324
4297
4222
2488
3422
1429
1530
4446
4796
3490
3006
2107
3181
4561
3974
4413
1518
3461
2180
2508
4817
2562
2409
856
1400
4971
2072
916
387
1791
4090
2478
718
4984
3574
4942
4315
3883
3709
3499
1378
431
3596
1241
1855
1257
3548
1102
3851
4216
2029
4067
3675
1328
352
353
1196
656
4758
4247
4828
1803
4198
4952
3236
1693
2001
4312
3283
393
2756
2633
1668
1895
4653
3565
1109
3579
1872
2338
3906
3055
4149
1725
605
4229
2394
4977
1234
3623
1715
4629
3078
3749
4967
2612
2495
4131
4967
3763
4963
4928
4542
4789
3291
4268
1156
3762
2462
4660
4518
1517
2738
1307
1894
1068
4329
2250
3473
4950
1935
703
1188
4145
4650
2803
4864
3378
3492
4446
432
412
2877
648
4779
3928
613
4584
4265
2744
4979
4217
4036
259
1724
3322
4516
1097
3331
2568
438
2082
3216
394
1834
3219
2998
4545
4026
295
3747
2057
4327
1536
3560
2732
4522
1625
532
2599
3942
3434
227
2456
2494
1539
1950
4554
3761
3070
1009
792
3014
4204
3093
4860
3748
4692
1377
3097
2109
4660
3566
3005
1198
3128
4157
1171
1808
595
4186
1102
2343
3940
1376
743
1122
345
3394
1221
1224
2196
1850
4777
2264
440
4635
2643
4092
1679
436
4476
1395
810
1048
3830
4091
1043
2866
612
1862
4394
1792
3299
4098
4405
1980
3213
1422
2943
2560
2901
3470
2210
2448
3901
2100
4087
757
2994
1764
4142
4833
3410
1515
2474
4564
4370
3471
3089
1148
2433
2798
443
445
4847
2686
2517
1026
719
1447
2495
3019
760
2475
1427
3451
3306
336
2937
584
579
2466
4114
481
217
2459
4839
851
1094
4331
261
3161
3160
2406
2284
2075
2208
3274
2728
2360
4514
3974
1205
2324
2437
4016
4139
1023
1384
906
3940
4499
2354
3329
1943
3192
3471
3075
4011
1362
217
970
3302
2103
4713
1348
2454
3093
2492
4382
3909
540
3917
727
3682
311
2581
2879
1903
1487
223
2867
4429
3062
2780
3886
2720
3211
3243
1762
3923
4544
3102
1231
287
3084
4349
2074
2781
1198
4024
3976
2151
788
3554
2653
2888
1071
1186
3074
331
3875
1483
3965
1595
1460
1731
354
1740
1006
3467
4781
2173
4632
1748
4822
453
3638
2718
2377
4810
2838
1808
3812
2540
483
4375
842
3019
975
1568
2270
4462
2393
3934
3612
4841
674
3112
3175
2639
1407
1861
3701
2162
3916
1811
581
4207
2011
1766
3815
3040
570
1815
380
1686
3464
2695
3609
635
4567
932
4896
1334
4421
3942
4031
4532
2812
1601
3071
3888
2495
2042
4568
1428
2300
2334
1997
2159
3417
3475
3753
1874
2063
3304
4668
2404
2776
3747
4151
1188
1671
362
1474
2376
1431
4639
418
1840
627
3935
1527
4656
2168
3721
2537
458
1983
2357
4836
4130
3184
740
2252
4734
4924
4792
434
2008
2695
670
1036
4399
4989
2257
1578
4736
3380
3759
4213
1046
3533
476
4894
1867
2148
3430
1267
4175
3231
4470
852
2159
979
3247
2930
2487
1471
991
4551
2111
4494
4014
4324
1527
746
4961
3906
3995
1011
3958
1649
3344
4743
4059
3022
3283
3191
2471
1840
3551
4070
727
3291
558
4628
1015
3654
2926
784
1603
3440
3930
2591
1237
2930
504
1962
1514
1203
2535
1917
3399
222
892
1120
3963
635
1714
3908
4682
3451
344
504
2496
3740
2437
1694
1349
2771
2350
3256
906
2057
1413
1280
1118
2538
2240
2752
3897
354
2561
1577
1415
3804
2578
3184
4130
3608
482
2554
4087
4763
3012
3732
3640
2282
670
419
1272
3737
718
1459
1021
2078
614
4670
4543
1501
1606
987
4518
4738
3936
2342
369
2483
2179
3190
4720
4462
1717
2712
2958
4746
3718
2499
4029
3632
2787
4379
332
4446
3323
2786
4528
4639
1608
3133
1198
1997
3258
3331
4208
3052
2309
2781
2651
3781
3842
3570
3492
1608
4184
2913
488
232
4151
3919
3034
2021
923
1985
4517
1525
2074
3051
1391
1020
310
4936
3740
850
2829
558
4520
2015
4048
618
1854
4055
767
389
3180
367
3853
2183
1913
1185
2079
2751
2044
2494
3824
1641
3392
1729
743
1550
1361
2993
2144
980
2210
3344
3051
1198
348
4939
3427
939
1231
690
3150
1236
3310
3222
759
4973
3198
3764
3769
968
3875
2519
1209
2072
4229
4926
3610
4332
4787
4496
4371
4578
2637
1578
1272
1010
3091
643
328
1608
4896
896
4623
4533
2426
3385
740
218
4752
706
4101
1690
4430
1075
4753
4473
2850
4906
1377
3985
4359
4306
3154
4692
4595
2598
1391
2042
1940
4672
606
1119
221
327
3825
3503
528
1375
1161
1245
531
1105
881
4268
4078
4682
4034
618
555
4872
2931
4922
3608
390
2315
3448
4187
1117
3537
4574
3505
3348
2883
4609
3423
1699
2914
2951
2522
557
2212
1714
2197
898
3434
3976
607
527
1288
662
1259
2055
1645
761
4951
2382
3969
2063
1176
1021
4460
1262
2579
4154
1607
1322
894
4566
4690
647
359
4653
4792
4196
3046
2508
660
1455
1718
1962
1268
1941
2264
4886
1235
1965
4760
1530
2272
1575
1855
2045
2652
4521
787
4537
1813
537
4907
4768
4515
3366
2457
4582
4648
4179
4041
3765
4521
331
2396
1006
4197
3530
956
1090
777
2827
3022
1760
1544
4034
323
1485
2409
3245
2156
2020
1025
1035
2655
260
3422
4185
2557
4756
3469
3805
2286
1232
4164
700
637
3521
4060
2365
2256
2448
2240
1294
787
2697
2065
1130
1381
2273
3089
2657
3139
3702
4779
3526
2597
4710
4961
252
1524
1684
903
658
2632
750
1490
4483
506
2951
3681
3852
4895
2103
1107
1783
237
1851
260
3982
894
2471
4850
685
4889
4569
2469
338
1471
4423
4900
1562
4471
3175
4352
1702
1239
3076
4884
4573
3585
1208
3209
1834
3891
4698
1598
1038
1396
3903
1377
990
4733
3531
1580
1377
3527
1688
4836
3749
3553
4241
303
1330
3049
1849
3378
3661
4511
2574
3057
2703
3537
2767
4795
2419
3516
4797
733
2224
2146
3629
2249
3362
1290
943
4752
2936
642
661
1279
3404
477
4469
1436
4445
735
4128
4238
3291
707
3194
2604
2652
3005
970
1722
673
4238
2359
3468
3783
3488
3157
394
4713
4575
392
902
3541
1413
3739
2523
4392
2061
1612
3254
4695
3911
1132
3105
3529
2696
4463
3598
644
288
4025
2858
477
3303
2146
3955
3195
1518
4130
808
3117
992
2958
2191
3853
3917
4046
4287
3404
2703
2979
4818
4682
4796
3164
1641
880
4183
3491
2065
1955
1594
2180
3828
2936
4364
3614
1906
1004
921
3583
4054
1639
1323
305
2799
897
1810
4377
3571
4975
829
4775
2163
3178
494
2773
2461
2007
4496
4941
1309
1001
3210
4271
787
3891
4054
3721
3282
262
3392
1466
3959
4748
2840
4641
2411
2373
4687
1879
4577
1535
2889
2961
1125
4385
3863
696
4337
3030
480
2640
4569
2434
312
2576
4743
1379
681
3988
358
466
3743
4866
1501
2347
2333
1025
1066
2551
4792
2976
2980
243
4755
3057
4118
1062
3517
1781
4643
4700
2348
4621
1310
3287
3111
979
4153
2830
1452
4633
935
3773
4623
806
4610
916
2346
268
982
2983
1302
4696
870
948
4561
1796
1902
3599
1393
1032
4526
4625
745
4489
2645
314
537
1937
895
4926
1078
4601
4902
3839
992
3505
2906
1527
3545
1135
2581
746
2101
1102
4657
3275
313
4432
950
3546
4131
3892
3956
1140
3379
908
3720
3619
1433
2513
510
3515
754
493
2351
2936
1285
4002
1164
2457
2582
4851
4625
1267
4389
470
2864
339
2684
3245
4717
4955
3957
371
3222
4806
3516
2980
4640
3448
4817
3645
4374
1906
4347
222
4062
932
226
3216
1972
1697
4397
3628
2055
272
2935
1221
2124
3570
2367
1502
1304
863
4375
1527
220
1935
2568
4083
2554
4977
1496
429
4802
624
4087
3468
301
3076
4007
2155
456
492
3245
3976
2303
2210
2109
2795
4875
1006
2410
3402
1157
2550
2756
1427
3548
1671
990
1924
1427
2748
1146
1646
288
1012
3685
2274
719
670
787
2900
4257
1909
1567
2709
1886
4585
3713
3944
4688
346
3348
2080
1904
2655
880
3603
2602
1001
1911
1357
1339
592
2624
3098
2468
2893
2240
1302
609
362
318
2963
4713
1126
1047
3339
849
2733
3733
1654
4172
4139
3209
565
1608
4568
3556
906
3607
1049
558
1303
2399
763
4950
4202
4813
3668
2245
3845
1880
